"latitude";"longitude";"xco2";"date"
"25.2389430999756";"-87.8961944580078";"395.352416992188";"20150818"
"25.2679843902588";"-87.901237487793";"393.592864990234";"20150818"
"25.2367496490479";"-87.9011077880859";"393.686828613281";"20150818"
"25.2263298034668";"-87.9012603759766";"394.683929443359";"20150818"
"25.2865715026855";"-87.9061584472656";"396.231750488281";"20150818"
"25.2761211395264";"-87.906005859375";"395.417755126953";"20150818"
"25.2657508850098";"-87.9059524536133";"391.693145751953";"20150818"
"25.2843685150146";"-87.9109039306641";"396.515350341797";"20150818"
"25.2635478973389";"-87.9110946655273";"390.220855712891";"20150818"
"25.3342609405518";"-87.9164505004883";"395.346618652344";"20150818"
"25.2717761993408";"-87.9163513183594";"394.518280029297";"20150818"
"25.3632831573486";"-87.9219055175781";"396.264984130859";"20150818"
"25.3529224395752";"-87.9215316772461";"395.608764648438";"20150818"
"25.3425025939941";"-87.9212646484375";"394.162139892578";"20150818"
"25.3216934204102";"-87.9210205078125";"394.585083007812";"20150818"
"25.2904396057129";"-87.9213714599609";"398.885070800781";"20150818"
"25.3611526489258";"-87.9263000488281";"396.384399414062";"20150818"
"25.3507022857666";"-87.9261016845703";"394.138702392578";"20150818"
"25.3403339385986";"-87.9260101318359";"394.23486328125";"20150818"
"25.3299255371094";"-87.9260101318359";"393.084350585938";"20150818"
"25.3195056915283";"-87.9261016845703";"396.517822265625";"20150818"
"25.3797626495361";"-87.9312210083008";"396.145355224609";"20150818"
"25.369312286377";"-87.9310150146484";"397.676513671875";"20150818"
"25.358943939209";"-87.930908203125";"395.539459228516";"20150818"
"25.3485355377197";"-87.9308929443359";"391.978088378906";"20150818"
"25.33811378479";"-87.9309768676758";"390.723571777344";"20150818"
"25.3276767730713";"-87.9311599731445";"395.4990234375";"20150818"
"25.4087963104248";"-87.9364547729492";"395.692840576172";"20150818"
"25.3983726501465";"-87.9361343383789";"395.047393798828";"20150818"
"25.3775539398193";"-87.9357986450195";"396.751892089844";"20150818"
"25.3567237854004";"-87.9358520507812";"394.907073974609";"20150818"
"25.3462867736816";"-87.9360198974609";"393.564239501953";"20150818"
"25.4274044036865";"-87.9413909912109";"395.621307373047";"20150818"
"25.4169788360596";"-87.9410705566406";"396.097717285156";"20150818"
"25.4065284729004";"-87.9408493041992";"395.493804931641";"20150818"
"25.3961582183838";"-87.9407272338867";"394.522735595703";"20150818"
"25.3857460021973";"-87.9406967163086";"394.237030029297";"20150818"
"25.3753242492676";"-87.9407653808594";"396.360290527344";"20150818"
"25.4563598632812";"-87.9468231201172";"396.221618652344";"20150818"
"25.4459953308105";"-87.9463958740234";"394.676727294922";"20150818"
"25.4355716705322";"-87.9460601806641";"393.200347900391";"20150818"
"25.4251194000244";"-87.9458312988281";"395.377960205078";"20150818"
"25.4147510528564";"-87.9456939697266";"395.597625732422";"20150818"
"25.4043388366699";"-87.9456558227539";"393.949188232422";"20150818"
"25.3939170837402";"-87.9457168579102";"394.514984130859";"20150818"
"25.3834762573242";"-87.9458694458008";"396.624664306641";"20150818"
"25.4749526977539";"-87.9518356323242";"396.198486328125";"20150818"
"25.4645881652832";"-87.9513931274414";"397.272277832031";"20150818"
"25.4541645050049";"-87.9510498046875";"396.496337890625";"20150818"
"25.4437122344971";"-87.9508056640625";"393.251678466797";"20150818"
"25.4333419799805";"-87.9506607055664";"393.189971923828";"20150818"
"25.4229316711426";"-87.9506149291992";"394.915985107422";"20150818"
"25.4125099182129";"-87.9506607055664";"393.521667480469";"20150818"
"25.4020690917969";"-87.950798034668";"393.744476318359";"20150818"
"25.4831848144531";"-87.9563980102539";"395.481231689453";"20150818"
"25.4727630615234";"-87.9560470581055";"396.703308105469";"20150818"
"25.4519481658936";"-87.9556427001953";"394.341796875";"20150818"
"25.4415378570557";"-87.9555892944336";"394.829345703125";"20150818"
"25.4311180114746";"-87.9556274414062";"394.35107421875";"20150818"
"25.4206809997559";"-87.9557647705078";"394.324615478516";"20150818"
"25.5121688842773";"-87.9618988037109";"394.856994628906";"20150818"
"25.5018081665039";"-87.9614410400391";"393.225891113281";"20150818"
"25.4809379577637";"-87.9608154296875";"395.910858154297";"20150818"
"25.4705696105957";"-87.9606475830078";"396.250427246094";"20150818"
"25.4601612091064";"-87.9605865478516";"393.83544921875";"20150818"
"25.4497413635254";"-87.9606094360352";"392.374328613281";"20150818"
"25.439302444458";"-87.9607315063477";"394.8115234375";"20150818"
"25.5307922363281";"-87.9669494628906";"394.559906005859";"20150818"
"25.5204315185547";"-87.9664764404297";"393.639099121094";"20150818"
"25.510009765625";"-87.9661026000977";"394.844146728516";"20150818"
"25.4995613098145";"-87.9658279418945";"394.797119140625";"20150818"
"25.4891929626465";"-87.9656524658203";"396.255340576172";"20150818"
"25.4787845611572";"-87.965576171875";"395.970733642578";"20150818"
"25.4579257965088";"-87.965705871582";"393.698181152344";"20150818"
"25.5390491485596";"-87.9714965820312";"395.334197998047";"20150818"
"25.5286254882812";"-87.9710998535156";"394.929840087891";"20150818"
"25.5181751251221";"-87.9708099365234";"394.054260253906";"20150818"
"25.4973945617676";"-87.9705200195312";"396.341186523438";"20150818"
"25.4869728088379";"-87.9705200195312";"396.853057861328";"20150818"
"25.4765319824219";"-87.9706115722656";"396.97265625";"20150818"
"25.5680084228516";"-87.9769287109375";"397.168975830078";"20150818"
"25.5576457977295";"-87.9764251708984";"397.228240966797";"20150818"
"25.536771774292";"-87.9757232666016";"395.580017089844";"20150818"
"25.526403427124";"-87.9755172729492";"395.034149169922";"20150818"
"25.5159912109375";"-87.9754104614258";"395.560699462891";"20150818"
"25.5055694580078";"-87.9753952026367";"396.423583984375";"20150818"
"25.4951286315918";"-87.9754791259766";"397.397644042969";"20150818"
"25.5866031646729";"-87.9818725585938";"397.168853759766";"20150818"
"25.5762424468994";"-87.9813613891602";"396.482940673828";"20150818"
"25.5450000762939";"-87.9804153442383";"396.372528076172";"20150818"
"25.5345878601074";"-87.9802932739258";"395.763732910156";"20150818"
"25.5137252807617";"-87.9803466796875";"397.283874511719";"20150818"
"25.6051998138428";"-87.9868087768555";"396.596313476562";"20150818"
"25.5948371887207";"-87.9862899780273";"397.359680175781";"20150818"
"25.5844135284424";"-87.9858627319336";"396.942504882812";"20150818"
"25.5739631652832";"-87.9855346679688";"396.297515869141";"20150818"
"25.5635929107666";"-87.9853134155273";"396.243835449219";"20150818"
"25.5531787872314";"-87.9851837158203";"396.081451416016";"20150818"
"25.5427570343018";"-87.9851455688477";"395.790130615234";"20150818"
"25.6237831115723";"-87.9917449951172";"394.855163574219";"20150818"
"25.6134223937988";"-87.9912185668945";"396.1455078125";"20150818"
"25.6029987335205";"-87.9907760620117";"396.641235351562";"20150818"
"25.5925483703613";"-87.9904403686523";"397.069183349609";"20150818"
"25.5821781158447";"-87.9902038574219";"396.927917480469";"20150818"
"25.5717658996582";"-87.9900665283203";"396.409240722656";"20150818"
"25.5613422393799";"-87.9900207519531";"396.14404296875";"20150818"
"25.5508995056152";"-87.9900665283203";"393.904296875";"20150818"
"25.6423683166504";"-87.9966888427734";"395.679595947266";"20150818"
"25.632007598877";"-87.9961395263672";"394.2998046875";"20150818"
"25.6215839385986";"-87.9956970214844";"395.302642822266";"20150818"
"25.6111335754395";"-87.9953460693359";"396.808898925781";"20150818"
"25.6007633209229";"-87.9950942993164";"396.231536865234";"20150818"
"25.5903511047363";"-87.9949493408203";"395.935333251953";"20150818"
"25.579927444458";"-87.9948883056641";"396.331817626953";"20150818"
"25.5694847106934";"-87.9949264526367";"396.196350097656";"20150818"
"25.6609535217285";"-88.0016174316406";"395.254241943359";"20150818"
"25.6505908966064";"-88.0010681152344";"396.363861083984";"20150818"
"25.6401672363281";"-88.000602722168";"394.756317138672";"20150818"
"25.6297149658203";"-88.000244140625";"393.805938720703";"20150818"
"25.6193447113037";"-87.9999847412109";"396.080230712891";"20150818"
"25.6089324951172";"-87.9998245239258";"395.763580322266";"20150818"
"25.5985069274902";"-87.999755859375";"393.604034423828";"20150818"
"25.5880641937256";"-87.9997863769531";"395.143646240234";"20150818"
"25.6795272827148";"-88.0065536499023";"393.665924072266";"20150818"
"25.6691665649414";"-88.005989074707";"394.398773193359";"20150818"
"25.6587429046631";"-88.0055160522461";"396.027526855469";"20150818"
"25.6482906341553";"-88.0051422119141";"395.559478759766";"20150818"
"25.6379203796387";"-88.0048751831055";"393.481750488281";"20150818"
"25.6275081634521";"-88.0046997070312";"395.29736328125";"20150818"
"25.6170845031738";"-88.0046234130859";"396.284637451172";"20150818"
"25.6066398620605";"-88.004638671875";"394.128051757812";"20150818"
"25.6981029510498";"-88.0114822387695";"392.714385986328";"20150818"
"25.6877422332764";"-88.0109024047852";"394.753509521484";"20150818"
"25.677318572998";"-88.0104217529297";"394.103729248047";"20150818"
"25.6668682098389";"-88.0100402832031";"397.237426757812";"20150818"
"25.6564979553223";"-88.0097579956055";"395.706604003906";"20150818"
"25.6460838317871";"-88.0095748901367";"391.034698486328";"20150818"
"25.6356601715088";"-88.0094833374023";"391.959320068359";"20150818"
"25.7166786193848";"-88.0164184570312";"392.942016601562";"20150818"
"25.7063179016113";"-88.0158386230469";"391.971771240234";"20150818"
"25.6854457855225";"-88.0149765014648";"393.720794677734";"20150818"
"25.6750755310059";"-88.0146942138672";"395.26416015625";"20150818"
"25.6646633148193";"-88.0145111083984";"396.589630126953";"20150818"
"25.735258102417";"-88.0214767456055";"395.415252685547";"20150818"
"25.7248992919922";"-88.0208892822266";"395.692718505859";"20150818"
"25.7144756317139";"-88.0204010009766";"392.762268066406";"20150818"
"25.6936569213867";"-88.0197143554688";"392.150512695312";"20150818"
"25.6832427978516";"-88.0195159912109";"394.032775878906";"20150818"
"25.6728191375732";"-88.019416809082";"396.065093994141";"20150818"
"25.6623764038086";"-88.0194091796875";"395.194641113281";"20150818"
"25.7538394927979";"-88.0265350341797";"392.861968994141";"20150818"
"25.7330570220947";"-88.0254364013672";"395.265228271484";"20150818"
"25.7226066589355";"-88.025032043457";"393.297760009766";"20150818"
"25.7018241882324";"-88.0245208740234";"393.714660644531";"20150818"
"25.6914005279541";"-88.0244140625";"392.84228515625";"20150818"
"25.6809577941895";"-88.0243988037109";"394.696044921875";"20150818"
"25.7516384124756";"-88.0304718017578";"393.531127929688";"20150818"
"25.7411880493164";"-88.0300598144531";"394.117553710938";"20150818"
"25.7308197021484";"-88.0297546386719";"395.423461914062";"20150818"
"25.7204074859619";"-88.0295333862305";"395.082702636719";"20150818"
"25.7099838256836";"-88.0294189453125";"395.510559082031";"20150818"
"25.6995391845703";"-88.0293884277344";"394.099731445312";"20150818"
"25.7910022735596";"-88.0366744995117";"393.024169921875";"20150818"
"25.7806434631348";"-88.0360565185547";"393.587585449219";"20150818"
"25.7702217102051";"-88.035530090332";"394.858551025391";"20150818"
"25.7494029998779";"-88.0347900390625";"394.1220703125";"20150818"
"25.7389907836914";"-88.0345611572266";"394.728942871094";"20150818"
"25.7285671234131";"-88.0344314575195";"395.221740722656";"20150818"
"25.7181224822998";"-88.0343933105469";"393.622192382812";"20150818"
"25.8095855712891";"-88.041748046875";"394.71484375";"20150818"
"25.7992248535156";"-88.0411224365234";"393.311920166016";"20150818"
"25.7783546447754";"-88.040153503418";"394.108734130859";"20150818"
"25.7679862976074";"-88.0398178100586";"394.461456298828";"20150818"
"25.7575740814209";"-88.0395812988281";"395.312591552734";"20150818"
"25.7471504211426";"-88.0394439697266";"395.858001708984";"20150818"
"25.7367057800293";"-88.0393905639648";"398.203186035156";"20150818"
"25.8281669616699";"-88.0468292236328";"394.915405273438";"20150818"
"25.8178062438965";"-88.0461959838867";"394.174255371094";"20150818"
"25.8073844909668";"-88.045654296875";"392.536346435547";"20150818"
"25.7969360351562";"-88.0452117919922";"393.317321777344";"20150818"
"25.7865657806396";"-88.0448684692383";"394.101348876953";"20150818"
"25.7761516571045";"-88.0446243286133";"393.898193359375";"20150818"
"25.7657260894775";"-88.0444793701172";"394.770050048828";"20150818"
"25.7552814483643";"-88.0444259643555";"395.533752441406";"20150818"
"25.8259563446045";"-88.0507583618164";"393.899291992188";"20150818"
"25.8155078887939";"-88.0503005981445";"393.166870117188";"20150818"
"25.8051376342773";"-88.0499496459961";"393.500244140625";"20150818"
"25.7842979431152";"-88.0495376586914";"393.293212890625";"20150818"
"25.773853302002";"-88.0494766235352";"393.841583251953";"20150818"
"25.823709487915";"-88.0550308227539";"393.247924804688";"20150818"
"25.8132953643799";"-88.0547714233398";"393.791809082031";"20150818"
"25.8028717041016";"-88.0545959472656";"394.421905517578";"20150818"
"25.7924251556396";"-88.0545196533203";"391.803833007812";"20150818"
"25.8526515960693";"-88.0605163574219";"391.773071289062";"20150818"
"25.8214435577393";"-88.0597229003906";"393.217834472656";"20150818"
"25.8504428863525";"-88.065071105957";"392.595153808594";"20150818"
"25.8400173187256";"-88.0648880004883";"392.068542480469";"20150818"
"25.8295726776123";"-88.0648040771484";"392.584625244141";"20150818"
"25.84814453125";"-88.0699615478516";"392.718902587891";"20150818"
"25.9327812194824";"-88.0906524658203";"395.886627197266";"20150818"
"25.9617557525635";"-88.0960464477539";"396.483612060547";"20150818"
"26.0671367645264";"-88.1179275512695";"397.210205078125";"20150818"
"26.0960845947266";"-88.1237106323242";"392.278503417969";"20150818"
"26.0856628417969";"-88.1230010986328";"394.247039794922";"20150818"
"26.0752105712891";"-88.1223831176758";"396.494842529297";"20150818"
"26.0544204711914";"-88.121467590332";"396.865051269531";"20150818"
"26.1145973205566";"-88.1287155151367";"397.968658447266";"20150818"
"26.104175567627";"-88.1279907226562";"394.833221435547";"20150818"
"26.0833511352539";"-88.1268539428711";"393.375335693359";"20150818"
"26.0729331970215";"-88.1264266967773";"394.9033203125";"20150818"
"26.0625038146973";"-88.1260986328125";"396.313354492188";"20150818"
"26.1434669494629";"-88.1345443725586";"396.246398925781";"20150818"
"26.1331100463867";"-88.1337203979492";"395.765930175781";"20150818"
"26.101863861084";"-88.1318206787109";"394.240570068359";"20150818"
"26.0705642700195";"-88.1308059692383";"395.458190917969";"20150818"
"26.161979675293";"-88.1395568847656";"394.981353759766";"20150818"
"26.1516227722168";"-88.1387252807617";"393.925659179688";"20150818"
"26.1412029266357";"-88.1379776000977";"394.250579833984";"20150818"
"26.12038230896";"-88.1367950439453";"394.665222167969";"20150818"
"26.099536895752";"-88.1360015869141";"396.699279785156";"20150818"
"26.0890865325928";"-88.1357498168945";"395.409454345703";"20150818"
"26.1701469421387";"-88.1437301635742";"397.016937255859";"20150818"
"26.1597270965576";"-88.1429748535156";"395.233093261719";"20150818"
"26.1492767333984";"-88.1423187255859";"394.08935546875";"20150818"
"26.1389064788818";"-88.1417694091797";"389.98486328125";"20150818"
"26.1782493591309";"-88.1479721069336";"397.973358154297";"20150818"
"26.1678009033203";"-88.1473083496094";"398.231719970703";"20150818"
"26.1574306488037";"-88.1467437744141";"395.680023193359";"20150818"
"26.2175521850586";"-88.1546249389648";"396.447875976562";"20150818"
"26.1759662628174";"-88.1517639160156";"397.992034912109";"20150818"
"26.1655521392822";"-88.1512908935547";"395.697357177734";"20150818"
"26.2153339385986";"-88.1580963134766";"397.290802001953";"20150818"
"26.1945190429688";"-88.1568450927734";"397.418579101562";"20150818"
"26.1841049194336";"-88.156364440918";"397.385070800781";"20150818"
"26.1736793518066";"-88.1559829711914";"397.112121582031";"20150818"
"26.1632308959961";"-88.1556930541992";"396.735290527344";"20150818"
"26.2234401702881";"-88.1625061035156";"396.758270263672";"20150818"
"26.202657699585";"-88.1614303588867";"397.295684814453";"20150818"
"26.192232131958";"-88.1610336303711";"397.100067138672";"20150818"
"26.1817836761475";"-88.1607360839844";"398.400634765625";"20150818"
"26.2316112518311";"-88.1669692993164";"396.570526123047";"20150818"
"26.2211952209473";"-88.1664657592773";"396.831420898438";"20150818"
"26.210765838623";"-88.1660537719727";"396.074127197266";"20150818"
"26.2709484100342";"-88.1733169555664";"397.324066162109";"20150818"
"26.2501316070557";"-88.171989440918";"397.247222900391";"20150818"
"26.2397155761719";"-88.1714706420898";"397.067565917969";"20150818"
"26.2188358306885";"-88.1707305908203";"395.367858886719";"20150818"
"26.2790203094482";"-88.1776275634766";"397.132751464844";"20150818"
"26.2478065490723";"-88.1760482788086";"397.612365722656";"20150818"
"26.3079948425293";"-88.1833953857422";"396.994171142578";"20150818"
"26.2767677307129";"-88.1814956665039";"396.911407470703";"20150818"
"26.3473052978516";"-88.1902465820312";"397.032470703125";"20150818"
"26.3057270050049";"-88.1870803833008";"396.944000244141";"20150818"
"26.2848873138428";"-88.1860809326172";"397.044464111328";"20150818"
"26.2744388580322";"-88.1857299804688";"396.879669189453";"20150818"
"26.3554992675781";"-88.1943893432617";"397.43505859375";"20150818"
"26.345085144043";"-88.1935348510742";"396.825378417969";"20150818"
"26.3242740631104";"-88.1921234130859";"396.729553222656";"20150818"
"26.3034343719482";"-88.1911087036133";"396.912811279297";"20150818"
"26.2929859161377";"-88.1907424926758";"397.213043212891";"20150818"
"26.3636283874512";"-88.1986083984375";"396.987609863281";"20150818"
"26.3428134918213";"-88.1971893310547";"397.0732421875";"20150818"
"26.3324012756348";"-88.1966323852539";"396.783233642578";"20150818"
"26.3219738006592";"-88.1961669921875";"396.362640380859";"20150818"
"26.3115234375";"-88.1957931518555";"397.680053710938";"20150818"
"26.4029235839844";"-88.2055740356445";"396.394500732422";"20150818"
"26.3925724029541";"-88.2046127319336";"397.011077880859";"20150818"
"26.3821582794189";"-88.2037353515625";"397.141479492188";"20150818"
"26.3613452911377";"-88.2023010253906";"397.112854003906";"20150818"
"26.3509330749512";"-88.2017211914062";"396.669616699219";"20150818"
"26.3405055999756";"-88.2012481689453";"396.443817138672";"20150818"
"26.3300552368164";"-88.2008666992188";"396.366271972656";"20150818"
"26.4214534759521";"-88.2107238769531";"393.895935058594";"20150818"
"26.4111042022705";"-88.2097473144531";"394.755432128906";"20150818"
"26.4006900787354";"-88.2088623046875";"396.724548339844";"20150818"
"26.3902454376221";"-88.2080764770508";"397.196380615234";"20150818"
"26.3798770904541";"-88.2073974609375";"397.503326416016";"20150818"
"26.3694648742676";"-88.2068176269531";"397.244598388672";"20150818"
"26.359037399292";"-88.2063293457031";"396.6650390625";"20150818"
"26.3485870361328";"-88.205940246582";"396.344848632812";"20150818"
"26.4399852752686";"-88.2158660888672";"395.685729980469";"20150818"
"26.4296398162842";"-88.2148742675781";"395.766204833984";"20150818"
"26.4192295074463";"-88.2139739990234";"395.0908203125";"20150818"
"26.4087867736816";"-88.2131729125977";"395.702392578125";"20150818"
"26.3984241485596";"-88.2124786376953";"396.959014892578";"20150818"
"26.3880138397217";"-88.2118835449219";"397.201599121094";"20150818"
"26.3775901794434";"-88.2113800048828";"396.665466308594";"20150818"
"26.458553314209";"-88.2209548950195";"397.590972900391";"20150818"
"26.4482078552246";"-88.2199554443359";"396.056335449219";"20150818"
"26.4377975463867";"-88.2190475463867";"395.708923339844";"20150818"
"26.4273567199707";"-88.2182388305664";"396.222229003906";"20150818"
"26.4169921875";"-88.217529296875";"397.059326171875";"20150818"
"26.4065837860107";"-88.216926574707";"396.979034423828";"20150818"
"26.3961582183838";"-88.2164154052734";"396.257537841797";"20150818"
"26.3857135772705";"-88.2159957885742";"395.451507568359";"20150818"
"26.4771213531494";"-88.2260437011719";"394.572937011719";"20150818"
"26.466775894165";"-88.2250366210938";"396.020629882812";"20150818"
"26.4459247589111";"-88.2232971191406";"395.684844970703";"20150818"
"26.4355621337891";"-88.2225799560547";"394.916534423828";"20150818"
"26.4251518249512";"-88.2219619750977";"396.289276123047";"20150818"
"26.4147281646729";"-88.2214431762695";"397.226898193359";"20150818"
"26.4042835235596";"-88.2210159301758";"397.984527587891";"20150818"
"26.4956874847412";"-88.2311401367188";"396.314727783203";"20150818"
"26.4853401184082";"-88.2301177978516";"395.595794677734";"20150818"
"26.4749298095703";"-88.2291870117188";"394.559753417969";"20150818"
"26.4644889831543";"-88.2283554077148";"395.474639892578";"20150818"
"26.4541244506836";"-88.2276306152344";"395.804107666016";"20150818"
"26.4437141418457";"-88.2269973754883";"394.026245117188";"20150818"
"26.4332885742188";"-88.2264709472656";"394.489959716797";"20150818"
"26.4228401184082";"-88.2260284423828";"395.729370117188";"20150818"
"26.5142364501953";"-88.2362289428711";"395.118835449219";"20150818"
"26.5038909912109";"-88.2351989746094";"395.830169677734";"20150818"
"26.493480682373";"-88.2342529296875";"396.249359130859";"20150818"
"26.483039855957";"-88.2334136962891";"394.763702392578";"20150818"
"26.4726753234863";"-88.2326812744141";"395.273529052734";"20150818"
"26.4622650146484";"-88.2320404052734";"395.2080078125";"20150818"
"26.4518394470215";"-88.2314987182617";"395.14306640625";"20150818"
"26.4413928985596";"-88.2310485839844";"394.644226074219";"20150818"
"26.5327854156494";"-88.2413177490234";"395.5458984375";"20150818"
"26.522439956665";"-88.2402725219727";"395.032073974609";"20150818"
"26.5120315551758";"-88.2393264770508";"394.426330566406";"20150818"
"26.5015907287598";"-88.2384719848633";"394.345611572266";"20150818"
"26.4912261962891";"-88.2377243041992";"395.107177734375";"20150818"
"26.4808158874512";"-88.2370758056641";"394.97314453125";"20150818"
"26.4703903198242";"-88.2365264892578";"393.58984375";"20150818"
"26.4599437713623";"-88.2360610961914";"394.289398193359";"20150818"
"26.5513343811035";"-88.2464065551758";"394.871185302734";"20150818"
"26.5409889221191";"-88.2453536987305";"395.409851074219";"20150818"
"26.5305805206299";"-88.2443923950195";"395.448181152344";"20150818"
"26.5201377868652";"-88.2435302734375";"395.492492675781";"20150818"
"26.5097751617432";"-88.2427749633789";"395.248687744141";"20150818"
"26.4993648529053";"-88.2421188354492";"393.889587402344";"20150818"
"26.4889392852783";"-88.2415542602539";"393.252563476562";"20150818"
"26.4784908294678";"-88.241081237793";"394.464447021484";"20150818"
"26.559534072876";"-88.2504348754883";"396.261199951172";"20150818"
"26.5491256713867";"-88.2494659423828";"395.970275878906";"20150818"
"26.5386848449707";"-88.2485961914062";"395.225799560547";"20150818"
"26.5283203125";"-88.2478256225586";"395.822631835938";"20150818"
"26.5179119110107";"-88.2471542358398";"396.185424804688";"20150818"
"26.5074863433838";"-88.24658203125";"394.540832519531";"20150818"
"26.5884208679199";"-88.2565994262695";"397.448272705078";"20150818"
"26.5780773162842";"-88.2555236816406";"396.729827880859";"20150818"
"26.5676689147949";"-88.2545394897461";"394.095184326172";"20150818"
"26.5572299957275";"-88.2536544799805";"394.633361816406";"20150818"
"26.5468654632568";"-88.2528762817383";"395.310150146484";"20150818"
"26.5364570617676";"-88.252197265625";"396.412078857422";"20150818"
"26.5260314941406";"-88.2516098022461";"396.546997070312";"20150818"
"26.5155849456787";"-88.2511215209961";"396.233123779297";"20150818"
"26.5966243743896";"-88.2605972290039";"397.135986328125";"20150818"
"26.5862159729004";"-88.2596054077148";"396.921203613281";"20150818"
"26.5654163360596";"-88.257926940918";"393.912139892578";"20150818"
"26.5550060272217";"-88.2572326660156";"394.742706298828";"20150818"
"26.5445823669434";"-88.2566375732422";"395.960021972656";"20150818"
"26.6151790618896";"-88.2656707763672";"396.830932617188";"20150818"
"26.5631408691406";"-88.2616500854492";"394.935394287109";"20150818"
"26.5526943206787";"-88.2611389160156";"395.199981689453";"20150818"
"26.6440734863281";"-88.271842956543";"396.669067382812";"20150818"
"26.623327255249";"-88.2697219848633";"396.438201904297";"20150818"
"26.6025276184082";"-88.2679977416992";"396.250640869141";"20150818"
"26.5921192169189";"-88.2672805786133";"396.293518066406";"20150818"
"26.5712509155273";"-88.2661437988281";"398.431396484375";"20150818"
"26.652286529541";"-88.2758102416992";"396.561584472656";"20150818"
"26.6418800354004";"-88.2747955322266";"396.521148681641";"20150818"
"26.6210803985596";"-88.2730560302734";"396.816375732422";"20150818"
"26.6106719970703";"-88.2723388671875";"396.465515136719";"20150818"
"26.6002464294434";"-88.2717132568359";"396.006500244141";"20150818"
"26.5897998809814";"-88.2711868286133";"397.773284912109";"20150818"
"26.6604232788086";"-88.279914855957";"396.969879150391";"20150818"
"26.6396236419678";"-88.2781524658203";"396.460632324219";"20150818"
"26.6292152404785";"-88.2774276733398";"395.978881835938";"20150818"
"26.6187915802002";"-88.2767944335938";"396.537658691406";"20150818"
"26.6789665222168";"-88.2850341796875";"396.866943359375";"20150818"
"26.6477603912354";"-88.2825088500977";"396.461730957031";"20150818"
"26.637336730957";"-88.281867980957";"396.406768798828";"20150818"
"26.7079200744629";"-88.2912063598633";"396.998443603516";"20150818"
"26.6975193023682";"-88.290153503418";"396.917266845703";"20150818"
"26.687084197998";"-88.2892074584961";"396.826202392578";"20150818"
"26.6767253875732";"-88.2883605957031";"396.731109619141";"20150818"
"26.6663208007812";"-88.2876129150391";"396.736541748047";"20150818"
"26.6559009552002";"-88.2869567871094";"396.713073730469";"20150818"
"26.6454563140869";"-88.2863998413086";"396.748901367188";"20150818"
"26.7368316650391";"-88.2975158691406";"396.878723144531";"20150818"
"26.7264957427979";"-88.2963638305664";"397.241119384766";"20150818"
"26.7160949707031";"-88.2953033447266";"397.128143310547";"20150818"
"26.7056617736816";"-88.2943420410156";"396.94287109375";"20150818"
"26.6953029632568";"-88.2934875488281";"396.896209716797";"20150818"
"26.6848983764648";"-88.292724609375";"396.768859863281";"20150818"
"26.6744785308838";"-88.2920608520508";"396.312591552734";"20150818"
"26.6640357971191";"-88.2914962768555";"396.236724853516";"20150818"
"26.7346706390381";"-88.3004531860352";"397.057189941406";"20150818"
"26.7242374420166";"-88.2994766235352";"397.226257324219";"20150818"
"26.7138805389404";"-88.2986145019531";"397.153686523438";"20150818"
"26.7034759521484";"-88.2978363037109";"397.180725097656";"20150818"
"26.6930561065674";"-88.2971649169922";"396.902374267578";"20150818"
"26.6826133728027";"-88.2965850830078";"396.5888671875";"20150818"
"26.773983001709";"-88.3078536987305";"396.969512939453";"20150818"
"26.7636489868164";"-88.3066864013672";"397.143981933594";"20150818"
"26.7532482147217";"-88.3056030273438";"397.252044677734";"20150818"
"26.7428150177002";"-88.3046264648438";"397.280914306641";"20150818"
"26.7324600219727";"-88.3037490844727";"397.068389892578";"20150818"
"26.7220554351807";"-88.3029708862305";"396.919921875";"20150818"
"26.7116355895996";"-88.3022918701172";"397.176879882812";"20150818"
"26.701192855835";"-88.3017044067383";"396.926177978516";"20150818"
"26.7925624847412";"-88.3130645751953";"396.793029785156";"20150818"
"26.7822284698486";"-88.311882019043";"396.550933837891";"20150818"
"26.7718276977539";"-88.310791015625";"397.032318115234";"20150818"
"26.7613964080811";"-88.3098068237305";"396.978302001953";"20150818"
"26.7510395050049";"-88.3089218139648";"397.088745117188";"20150818"
"26.7406368255615";"-88.3081283569336";"396.872955322266";"20150818"
"26.7302169799805";"-88.3074417114258";"396.884826660156";"20150818"
"26.7197742462158";"-88.3068389892578";"397.242218017578";"20150818"
"26.8008079528809";"-88.3170776367188";"396.43359375";"20150818"
"26.7904071807861";"-88.3159790039062";"396.571197509766";"20150818"
"26.7799758911133";"-88.3149795532227";"397.040435791016";"20150818"
"26.7696208953857";"-88.3140869140625";"397.133514404297";"20150818"
"26.7592182159424";"-88.3132858276367";"397.111846923828";"20150818"
"26.7487983703613";"-88.3125839233398";"396.900726318359";"20150818"
"26.7383556365967";"-88.3119735717773";"396.80908203125";"20150818"
"26.8193836212158";"-88.3222732543945";"397.156616210938";"20150818"
"26.8089828491211";"-88.321159362793";"396.539581298828";"20150818"
"26.7985496520996";"-88.3201446533203";"396.221954345703";"20150818"
"26.7881927490234";"-88.3192367553711";"396.881988525391";"20150818"
"26.7777881622314";"-88.3184204101562";"397.071899414062";"20150818"
"26.7673683166504";"-88.3177032470703";"396.464080810547";"20150818"
"26.7569236755371";"-88.3170852661133";"397.420440673828";"20150818"
"26.8482723236084";"-88.3286437988281";"396.221496582031";"20150818"
"26.8379383087158";"-88.3274307250977";"396.965911865234";"20150818"
"26.8275394439697";"-88.326301574707";"397.121276855469";"20150818"
"26.8171062469482";"-88.3252792358398";"397.110504150391";"20150818"
"26.8067493438721";"-88.3243637084961";"396.539306640625";"20150818"
"26.7963466644287";"-88.3235397338867";"396.608856201172";"20150818"
"26.7859268188477";"-88.3228073120117";"396.990844726562";"20150818"
"26.7754821777344";"-88.3221817016602";"396.980804443359";"20150818"
"26.866828918457";"-88.3338165283203";"396.473449707031";"20150818"
"26.8564949035645";"-88.3325881958008";"396.757171630859";"20150818"
"26.8460960388184";"-88.3314514160156";"396.699523925781";"20150818"
"26.8356647491455";"-88.3304138183594";"396.649597167969";"20150818"
"26.8253078460693";"-88.3294830322266";"397.143646240234";"20150818"
"26.814905166626";"-88.3286514282227";"396.767181396484";"20150818"
"26.8044853210449";"-88.3279113769531";"395.581634521484";"20150818"
"26.7940406799316";"-88.3272705078125";"397.070404052734";"20150818"
"26.8853855133057";"-88.338981628418";"393.288513183594";"20150818"
"26.8750514984131";"-88.3377532958984";"395.323974609375";"20150818"
"26.864652633667";"-88.3366088867188";"396.917816162109";"20150818"
"26.8542213439941";"-88.3355712890625";"396.725006103516";"20150818"
"26.8438663482666";"-88.3346405029297";"396.712493896484";"20150818"
"26.8334636688232";"-88.3338012695312";"396.508819580078";"20150818"
"26.8230438232422";"-88.3330612182617";"396.683319091797";"20150818"
"26.8125991821289";"-88.3324127197266";"396.713531494141";"20150818"
"26.9039402008057";"-88.3442306518555";"394.453491210938";"20150818"
"26.8936080932617";"-88.3429870605469";"396.929595947266";"20150818"
"26.8832111358643";"-88.3418350219727";"394.386138916016";"20150818"
"26.8727798461914";"-88.3407821655273";"395.714508056641";"20150818"
"26.8624248504639";"-88.3398361206055";"396.882843017578";"20150818"
"26.8520221710205";"-88.3389892578125";"396.732482910156";"20150818"
"26.8416023254395";"-88.3382415771484";"396.391784667969";"20150818"
"26.8311595916748";"-88.3375778198242";"397.275787353516";"20150818"
"26.9224967956543";"-88.3494720458984";"394.559997558594";"20150818"
"26.912166595459";"-88.3482208251953";"394.757934570312";"20150818"
"26.9017677307129";"-88.347053527832";"394.172882080078";"20150818"
"26.8913383483887";"-88.3459930419922";"395.468383789062";"20150818"
"26.8809833526611";"-88.3450393676758";"394.602294921875";"20150818"
"26.8705806732178";"-88.3441772460938";"395.423889160156";"20150818"
"26.8601608276367";"-88.3434143066406";"396.937927246094";"20150818"
"26.8497180938721";"-88.3427505493164";"396.842224121094";"20150818"
"26.9410533905029";"-88.3547058105469";"394.325866699219";"20150818"
"26.930721282959";"-88.3534393310547";"394.459320068359";"20150818"
"26.9203243255615";"-88.3522567749023";"395.641784667969";"20150818"
"26.9098949432373";"-88.3511810302734";"394.876617431641";"20150818"
"26.8995399475098";"-88.350212097168";"395.875061035156";"20150818"
"26.8891372680664";"-88.3493347167969";"395.045745849609";"20150818"
"26.878719329834";"-88.3485565185547";"393.821441650391";"20150818"
"26.8682746887207";"-88.3478698730469";"396.120758056641";"20150818"
"26.9596042633057";"-88.3598709106445";"393.782348632812";"20150818"
"26.9492740631104";"-88.3585891723633";"394.283142089844";"20150818"
"26.9388790130615";"-88.3574066162109";"395.422882080078";"20150818"
"26.9284477233887";"-88.356315612793";"395.644104003906";"20150818"
"26.9180946350098";"-88.3553314208984";"395.866088867188";"20150818"
"26.9076919555664";"-88.3544464111328";"395.271270751953";"20150818"
"26.897274017334";"-88.3536529541016";"394.579681396484";"20150818"
"26.8868312835693";"-88.3529586791992";"394.680511474609";"20150818"
"26.9678268432617";"-88.3637466430664";"395.027374267578";"20150818"
"26.9574317932129";"-88.362548828125";"394.295104980469";"20150818"
"26.9470024108887";"-88.3614501953125";"394.7822265625";"20150818"
"26.9366493225098";"-88.3604583740234";"395.886322021484";"20150818"
"26.9262466430664";"-88.3595581054688";"396.284942626953";"20150818"
"26.915828704834";"-88.358757019043";"394.7431640625";"20150818"
"26.9053859710693";"-88.3580551147461";"395.304992675781";"20150818"
"26.9967079162598";"-88.3701934814453";"393.609100341797";"20150818"
"26.975980758667";"-88.36767578125";"395.453491210938";"20150818"
"26.9655513763428";"-88.3665618896484";"395.667297363281";"20150818"
"26.9551982879639";"-88.3655548095703";"395.095581054688";"20150818"
"26.9447956085205";"-88.3646392822266";"395.72900390625";"20150818"
"26.9343757629395";"-88.3638229370117";"395.254272460938";"20150818"
"26.9239330291748";"-88.3631057739258";"394.950927734375";"20150818"
"27.0152454376221";"-88.3752975463867";"395.438903808594";"20150818"
"27.0049171447754";"-88.3739776611328";"396.766296386719";"20150818"
"26.9840908050537";"-88.3716278076172";"395.619781494141";"20150818"
"26.9737377166748";"-88.3706130981445";"395.977447509766";"20150818"
"26.9633350372314";"-88.3696899414062";"394.618682861328";"20150818"
"26.952917098999";"-88.3688583374023";"394.961334228516";"20150818"
"26.9424743652344";"-88.3681335449219";"394.738739013672";"20150818"
"27.0337829589844";"-88.3803939819336";"393.994720458984";"20150818"
"27.0234546661377";"-88.3790664672852";"396.520355224609";"20150818"
"27.0130596160889";"-88.3778305053711";"395.905670166016";"20150818"
"27.0026321411133";"-88.3766937255859";"395.472900390625";"20150818"
"26.9922771453857";"-88.3756713867188";"395.044616699219";"20150818"
"26.981876373291";"-88.3747329711914";"395.451690673828";"20150818"
"26.9714584350586";"-88.3739013671875";"395.252410888672";"20150818"
"26.9610157012939";"-88.3731536865234";"394.284393310547";"20150818"
"27.0523262023926";"-88.3854904174805";"394.485076904297";"20150818"
"27.0420036315918";"-88.3841552734375";"394.419097900391";"20150818"
"27.0316123962402";"-88.3829040527344";"396.470306396484";"20150818"
"27.0211906433105";"-88.3817596435547";"396.437042236328";"20150818"
"27.0108413696289";"-88.3807144165039";"396.220855712891";"20150818"
"27.0004463195801";"-88.379768371582";"395.602172851562";"20150818"
"26.9900321960449";"-88.3789215087891";"396.221527099609";"20150818"
"26.9795951843262";"-88.3781661987305";"395.598266601562";"20150818"
"27.0606021881104";"-88.3892211914062";"394.898712158203";"20150818"
"27.0502128601074";"-88.3879623413086";"395.062286376953";"20150818"
"27.0294418334961";"-88.3857498168945";"395.955230712891";"20150818"
"27.0190467834473";"-88.3847961425781";"396.481140136719";"20150818"
"27.0086345672607";"-88.3839340209961";"396.359313964844";"20150818"
"26.9981956481934";"-88.383171081543";"395.149017333984";"20150818"
"27.0895214080811";"-88.3956451416016";"395.611175537109";"20150818"
"27.0792007446289";"-88.394287109375";"392.974243164062";"20150818"
"27.0583896636963";"-88.391845703125";"395.050201416016";"20150818"
"27.0480442047119";"-88.3907852172852";"395.653137207031";"20150818"
"27.0376472473145";"-88.3898162841797";"395.123413085938";"20150818"
"27.0272350311279";"-88.3889465332031";"395.398162841797";"20150818"
"27.0167980194092";"-88.3881759643555";"397.396942138672";"20150818"
"27.0873985290527";"-88.3980941772461";"393.90380859375";"20150818"
"27.0562229156494";"-88.394889831543";"394.708038330078";"20150818"
"27.045804977417";"-88.3940200805664";"395.574066162109";"20150818"
"27.035364151001";"-88.3932418823242";"395.242065429688";"20150818"
"27.1266574859619";"-88.4059066772461";"392.971557617188";"20150818"
"27.095516204834";"-88.4020767211914";"396.046508789062";"20150818"
"27.0851650238037";"-88.4010009765625";"395.081970214844";"20150818"
"27.0747661590576";"-88.400016784668";"393.724029541016";"20150818"
"27.0643501281738";"-88.3991394042969";"394.819244384766";"20150818"
"27.0539093017578";"-88.3983535766602";"394.871398925781";"20150818"
"27.1451988220215";"-88.4110870361328";"393.822601318359";"20150818"
"27.1348743438721";"-88.4097061157227";"394.851257324219";"20150818"
"27.1037082672119";"-88.406135559082";"396.163696289062";"20150818"
"27.0933094024658";"-88.405143737793";"396.070648193359";"20150818"
"27.082893371582";"-88.4042510986328";"395.401031494141";"20150818"
"27.072452545166";"-88.4034576416016";"396.289947509766";"20150818"
"27.1326026916504";"-88.412353515625";"395.078063964844";"20150818"
"27.1222534179688";"-88.4112548828125";"395.979461669922";"20150818"
"27.1118545532227";"-88.4102478027344";"394.822021484375";"20150818"
"27.1014385223389";"-88.4093475341797";"396.070404052734";"20150818"
"27.0909976959229";"-88.4085311889648";"396.645629882812";"20150818"
"27.1303977966309";"-88.4153289794922";"395.810089111328";"20150818"
"27.1199836730957";"-88.4144134521484";"395.642822265625";"20150818"
"27.1095428466797";"-88.4135971069336";"394.935913085938";"20150818"
"27.2008190155029";"-88.4265365600586";"395.898742675781";"20150818"
"27.1385250091553";"-88.4194869995117";"395.971496582031";"20150818"
"27.1280841827393";"-88.4186553955078";"396.348907470703";"20150818"
"27.2193546295166";"-88.4316711425781";"396.304840087891";"20150818"
"27.2090282440186";"-88.4302444458008";"395.688507080078";"20150818"
"27.1986351013184";"-88.4289093017578";"395.817657470703";"20150818"
"27.1465854644775";"-88.4237365722656";"396.108459472656";"20150818"
"27.2378273010254";"-88.4368362426758";"395.975677490234";"20150818"
"27.2275009155273";"-88.4354019165039";"395.488800048828";"20150818"
"27.2171077728271";"-88.4340591430664";"396.521575927734";"20150818"
"27.2066802978516";"-88.4328079223633";"395.052185058594";"20150818"
"27.1963272094727";"-88.4316711425781";"395.131958007812";"20150818"
"27.2562999725342";"-88.4420013427734";"397.244506835938";"20150818"
"27.2355823516846";"-88.4392013549805";"395.623260498047";"20150818"
"27.225154876709";"-88.4379425048828";"395.556488037109";"20150818"
"27.2148036956787";"-88.4367980957031";"395.867950439453";"20150818"
"27.2044010162354";"-88.4357452392578";"394.410552978516";"20150818"
"27.1939830780029";"-88.4347915649414";"394.65625";"20150818"
"27.1835384368896";"-88.4339294433594";"395.035522460938";"20150818"
"27.2644577026367";"-88.4457244873047";"396.850830078125";"20150818"
"27.2540702819824";"-88.4443664550781";"397.939666748047";"20150818"
"27.2436485290527";"-88.4430999755859";"396.817413330078";"20150818"
"27.2229061126709";"-88.4408950805664";"395.378143310547";"20150818"
"27.2124919891357";"-88.4399337768555";"395.195587158203";"20150818"
"27.2020511627197";"-88.4390716552734";"395.202209472656";"20150818"
"27.2933082580566";"-88.4524154663086";"396.289276123047";"20150818"
"27.2829895019531";"-88.4509506225586";"396.716278076172";"20150818"
"27.2726039886475";"-88.4495849609375";"397.164733886719";"20150818"
"27.2621841430664";"-88.4483108520508";"397.282012939453";"20150818"
"27.220588684082";"-88.4442291259766";"394.248016357422";"20150818"
"27.3118419647217";"-88.457649230957";"396.659820556641";"20150818"
"27.3015232086182";"-88.4561767578125";"396.967102050781";"20150818"
"27.2911376953125";"-88.4547958374023";"397.023101806641";"20150818"
"27.2807178497314";"-88.4535140991211";"397.087677001953";"20150818"
"27.2703723907471";"-88.4523391723633";"396.998168945312";"20150818"
"27.2599773406982";"-88.4512634277344";"396.582366943359";"20150818"
"27.2495632171631";"-88.4502792358398";"395.995452880859";"20150818"
"27.2391242980957";"-88.4493942260742";"395.132415771484";"20150818"
"27.3303737640381";"-88.4628829956055";"397.197448730469";"20150818"
"27.3200569152832";"-88.4613952636719";"397.102996826172";"20150818"
"27.3096714019775";"-88.4600067138672";"397.279510498047";"20150818"
"27.2992534637451";"-88.4587097167969";"397.203033447266";"20150818"
"27.2889080047607";"-88.45751953125";"397.330413818359";"20150818"
"27.2785129547119";"-88.456428527832";"397.052032470703";"20150818"
"27.2681007385254";"-88.455436706543";"396.471984863281";"20150818"
"27.257661819458";"-88.4545364379883";"396.101806640625";"20150818"
"27.3385925292969";"-88.4665908813477";"396.838806152344";"20150818"
"27.3282089233398";"-88.4651870727539";"397.015075683594";"20150818"
"27.3177909851074";"-88.4638824462891";"397.192657470703";"20150818"
"27.307445526123";"-88.4626846313477";"397.362762451172";"20150818"
"27.2970523834229";"-88.4615783691406";"397.053833007812";"20150818"
"27.2866401672363";"-88.460578918457";"396.889038085938";"20150818"
"27.2762012481689";"-88.4596633911133";"396.847045898438";"20150818"
"27.3467464447021";"-88.4703674316406";"396.9609375";"20150818"
"27.3363285064697";"-88.4690475463867";"397.217987060547";"20150818"
"27.325984954834";"-88.4678421020508";"397.095336914062";"20150818"
"27.3155918121338";"-88.4667282104492";"397.013916015625";"20150818"
"27.3051795959473";"-88.4657135009766";"397.041778564453";"20150818"
"27.2947425842285";"-88.4647979736328";"396.650360107422";"20150818"
"27.3548831939697";"-88.4741973876953";"397.011291503906";"20150818"
"27.3445434570312";"-88.4729766845703";"397.128204345703";"20150818"
"27.334156036377";"-88.4718475341797";"397.110778808594";"20150818"
"27.3237476348877";"-88.470817565918";"396.970367431641";"20150818"
"27.3133163452148";"-88.4698791503906";"397.106201171875";"20150818"
"27.4045734405518";"-88.4836196899414";"396.735443115234";"20150818"
"27.352746963501";"-88.4769287109375";"396.898864746094";"20150818"
"27.3423404693604";"-88.4758911132812";"397.075531005859";"20150818"
"27.3319091796875";"-88.4749450683594";"397.350646972656";"20150818"
"27.4231605529785";"-88.4887542724609";"396.718627929688";"20150818"
"27.4128532409668";"-88.4872055053711";"396.713653564453";"20150818"
"27.4024753570557";"-88.4857559204102";"397.149475097656";"20150818"
"27.3505020141602";"-88.4800033569336";"396.960144042969";"20150818"
"27.421070098877";"-88.4908828735352";"396.813201904297";"20150818"
"27.4106616973877";"-88.4895248413086";"396.892333984375";"20150818"
"27.4003257751465";"-88.4882736206055";"397.204467773438";"20150818"
"27.3899402618408";"-88.4871215820312";"396.327087402344";"20150818"
"27.4189338684082";"-88.4934310913086";"396.986450195312";"20150818"
"27.4085483551025";"-88.4922637939453";"396.666107177734";"20150818"
"27.3981456756592";"-88.4911956787109";"396.688598632812";"20150818"
"27.3877143859863";"-88.4902267456055";"396.439483642578";"20150818"
"27.4271583557129";"-88.4974060058594";"397.099670410156";"20150818"
"27.4167537689209";"-88.4963302612305";"396.802490234375";"20150818"
"27.4063243865967";"-88.4953460693359";"397.190124511719";"20150818"
"27.5161437988281";"-88.5146560668945";"396.2666015625";"20150818"
"27.505838394165";"-88.5130615234375";"396.476440429688";"20150818"
"27.4954662322998";"-88.5115661621094";"396.517944335938";"20150818"
"27.5347232818604";"-88.5198364257812";"396.791412353516";"20150818"
"27.5244178771973";"-88.5182342529297";"396.137023925781";"20150818"
"27.514045715332";"-88.5167236328125";"396.713592529297";"20150818"
"27.5036373138428";"-88.5153121948242";"396.467071533203";"20150818"
"27.5532989501953";"-88.5250244140625";"395.960205078125";"20150818"
"27.5429954528809";"-88.5234146118164";"396.474395751953";"20150818"
"27.532621383667";"-88.5219039916992";"395.962768554688";"20150818"
"27.5222148895264";"-88.5204849243164";"396.176635742188";"20150818"
"27.5118789672852";"-88.5191802978516";"396.378326416016";"20150818"
"27.5014934539795";"-88.5179672241211";"396.229858398438";"20150818"
"27.5511856079102";"-88.5271301269531";"396.496246337891";"20150818"
"27.5407791137695";"-88.5256958007812";"396.140228271484";"20150818"
"27.5304431915283";"-88.5243835449219";"396.354278564453";"20150818"
"27.5200576782227";"-88.5231628417969";"396.186798095703";"20150818"
"27.5096549987793";"-88.5220336914062";"395.760620117188";"20150818"
"27.4992237091064";"-88.5210037231445";"395.460632324219";"20150818"
"27.5282211303711";"-88.527214050293";"395.201751708984";"20150818"
"27.5177898406982";"-88.5261764526367";"396.994537353516";"20150818"
"27.6460952758789";"-88.5511169433594";"396.809448242188";"20150818"
"27.6357955932617";"-88.5494537353516";"397.326141357422";"20150818"
"27.6543483734131";"-88.5546340942383";"396.202575683594";"20150818"
"27.6439781188965";"-88.5530548095703";"396.586059570312";"20150818"
"27.6335716247559";"-88.5515747070312";"396.435577392578";"20150818"
"27.6521091461182";"-88.5567626953125";"396.697967529297";"20150818"
"27.6417751312256";"-88.5553817749023";"396.451263427734";"20150818"
"27.6499309539795";"-88.5592651367188";"396.324462890625";"20150818"
"27.6395282745361";"-88.5580673217773";"395.599090576172";"20150818"
"27.6290969848633";"-88.5569686889648";"396.052032470703";"20150818"
"27.6476287841797";"-88.5621032714844";"396.064605712891";"20150818"
"27.7284774780273";"-88.5754547119141";"395.319152832031";"20150818"
"27.7262287139893";"-88.5774841308594";"394.919647216797";"20150818"
"28.6651096343994";"-88.8392333984375";"396.116119384766";"20150818"
"28.6548614501953";"-88.8370208740234";"396.960662841797";"20150818"
"28.6630668640137";"-88.8402328491211";"396.585845947266";"20150818"
"28.6527080535889";"-88.8382034301758";"397.153503417969";"20150818"
"28.660945892334";"-88.8415985107422";"396.719177246094";"20150818"
"28.6506004333496";"-88.8397598266602";"396.689300537109";"20150818"
"28.7206859588623";"-88.8552932739258";"396.433837890625";"20150818"
"28.6691360473633";"-88.8450698852539";"395.804931640625";"20150818"
"28.6587677001953";"-88.8433227539062";"396.662933349609";"20150818"
"28.739221572876";"-88.8606491088867";"396.984497070312";"20150818"
"28.7289772033691";"-88.8583984375";"396.660247802734";"20150818"
"28.6669120788574";"-88.8469619750977";"396.147796630859";"20150818"
"28.757755279541";"-88.8660125732422";"396.837310791016";"20150818"
"28.7475128173828";"-88.8637466430664";"397.103973388672";"20150818"
"28.7371978759766";"-88.8615798950195";"396.715759277344";"20150818"
"28.726842880249";"-88.859504699707";"396.263092041016";"20150818"
"28.7762870788574";"-88.8713684082031";"396.904998779297";"20150818"
"28.7660427093506";"-88.8690948486328";"396.361663818359";"20150818"
"28.7557239532471";"-88.8669128417969";"396.735107421875";"20150818"
"28.7453670501709";"-88.8648300170898";"396.701171875";"20150818"
"28.7350769042969";"-88.8628616333008";"396.821441650391";"20150818"
"28.7247314453125";"-88.8609848022461";"396.168914794922";"20150818"
"28.7742156982422";"-88.8722534179688";"396.446075439453";"20150818"
"28.763858795166";"-88.8701553344727";"396.397735595703";"20150818"
"28.7535705566406";"-88.8681793212891";"396.748779296875";"20150818"
"28.7432270050049";"-88.8662948608398";"396.737976074219";"20150818"
"28.7328586578369";"-88.8645095825195";"396.569946289062";"20150818"
"28.7224597930908";"-88.8628234863281";"396.141937255859";"20150818"
"28.7720584869385";"-88.8735046386719";"396.642639160156";"20150818"
"28.7617149353027";"-88.8716049194336";"396.238983154297";"20150818"
"28.7513465881348";"-88.8698120117188";"396.692657470703";"20150818"
"28.7409496307373";"-88.8681106567383";"396.435943603516";"20150818"
"28.7698574066162";"-88.8750839233398";"396.215576171875";"20150818"
"28.7594623565674";"-88.8733749389648";"396.143493652344";"20150818"
"28.9983444213867";"-88.9350814819336";"393.844787597656";"20150818"
"29.0353889465332";"-88.9456024169922";"397.945770263672";"20150818"
"29.0333824157715";"-88.9461135864258";"396.8125";"20150818"
"29.0024356842041";"-88.9397354125977";"395.238311767578";"20150818"
"29.031270980835";"-88.9470520019531";"396.032348632812";"20150818"
"29.0002002716064";"-88.9412384033203";"394.128234863281";"20150818"
"29.0290946960449";"-88.9483489990234";"395.832550048828";"20150818"
"29.3314666748047";"-89.0312271118164";"395.280090332031";"20150818"
"29.3212566375732";"-89.0286636352539";"396.842864990234";"20150818"
"29.349967956543";"-89.0366058349609";"396.372741699219";"20150818"
"29.3397617340088";"-89.0340347290039";"395.324676513672";"20150818"
"29.3294773101807";"-89.0315399169922";"396.070343017578";"20150818"
"29.3191528320312";"-89.0291519165039";"397.472625732422";"20150818"
"29.3684711456299";"-89.0419845581055";"396.708831787109";"20150818"
"29.3582649230957";"-89.0393981933594";"397.454437255859";"20150818"
"29.3479824066162";"-89.0368957519531";"396.399627685547";"20150818"
"29.3376598358154";"-89.0344924926758";"395.563415527344";"20150818"
"29.3274021148682";"-89.0322113037109";"396.555786132812";"20150818"
"29.3170871734619";"-89.0300216674805";"397.419586181641";"20150818"
"29.3664875030518";"-89.042236328125";"397.460052490234";"20150818"
"29.356164932251";"-89.0398178100586";"396.981750488281";"20150818"
"29.3459072113037";"-89.0375213623047";"396.478149414062";"20150818"
"29.3355922698975";"-89.0353164672852";"395.646087646484";"20150818"
"29.325252532959";"-89.0332107543945";"396.168304443359";"20150818"
"29.3148784637451";"-89.0312042236328";"396.704528808594";"20150818"
"29.3644104003906";"-89.0427932739258";"397.393371582031";"20150818"
"29.354097366333";"-89.0405807495117";"396.981262207031";"20150818"
"29.3437576293945";"-89.0384674072266";"396.078308105469";"20150818"
"29.3333835601807";"-89.0364456176758";"396.484191894531";"20150818"
"29.3622627258301";"-89.0437164306641";"397.233489990234";"20150818"
"29.3518905639648";"-89.0416870117188";"397.699340820312";"20150818"
"29.6457996368408";"-89.1228485107422";"395.142883300781";"20150818"
"29.6642894744873";"-89.1282501220703";"395.844665527344";"20150818"
"29.6541023254395";"-89.1255111694336";"396.4560546875";"20150818"
"29.6438369750977";"-89.1228561401367";"394.827087402344";"20150818"
"29.6827659606934";"-89.1336441040039";"394.938842773438";"20150818"
"29.6725788116455";"-89.1308975219727";"396.057006835938";"20150818"
"29.6623153686523";"-89.1282272338867";"396.816192626953";"20150818"
"29.6520099639893";"-89.1256561279297";"396.620452880859";"20150818"
"29.6417655944824";"-89.1232070922852";"394.941284179688";"20150818"
"29.7012424468994";"-89.1390380859375";"397.503540039062";"20150818"
"29.6910572052002";"-89.1362762451172";"395.740020751953";"20150818"
"29.680793762207";"-89.1335983276367";"394.827423095703";"20150818"
"29.6704883575439";"-89.1310195922852";"396.611968994141";"20150818"
"29.6602478027344";"-89.1285629272461";"397.029327392578";"20150818"
"29.6499481201172";"-89.1261978149414";"396.511444091797";"20150818"
"29.6396198272705";"-89.1239318847656";"395.934509277344";"20150818"
"29.7197208404541";"-89.1444244384766";"397.340698242188";"20150818"
"29.7095394134521";"-89.1416549682617";"398.199035644531";"20150818"
"29.6992816925049";"-89.1389694213867";"397.792358398438";"20150818"
"29.6889820098877";"-89.1363754272461";"396.041290283203";"20150818"
"29.6787433624268";"-89.1339111328125";"395.507415771484";"20150818"
"29.6684474945068";"-89.1315307617188";"397.001831054688";"20150818"
"29.6581249237061";"-89.1292572021484";"397.154846191406";"20150818"
"29.6477680206299";"-89.1270751953125";"396.695861816406";"20150818"
"29.7382373809814";"-89.1498107910156";"397.334197998047";"20150818"
"29.7280559539795";"-89.1470260620117";"397.442901611328";"20150818"
"29.7178001403809";"-89.1443328857422";"398.157897949219";"20150818"
"29.7075004577637";"-89.141731262207";"398.296264648438";"20150818"
"29.6972637176514";"-89.1392517089844";"397.975158691406";"20150818"
"29.6869697570801";"-89.1368637084961";"394.757507324219";"20150818"
"29.6766471862793";"-89.1345748901367";"395.564361572266";"20150818"
"29.6662902832031";"-89.1323852539062";"397.375091552734";"20150818"
"29.7567520141602";"-89.1551895141602";"396.99853515625";"20150818"
"29.7465744018555";"-89.1523971557617";"397.418487548828";"20150818"
"29.7363185882568";"-89.1496887207031";"397.797149658203";"20150818"
"29.7260189056396";"-89.1470794677734";"397.444549560547";"20150818"
"29.715784072876";"-89.1445922851562";"398.384307861328";"20150818"
"29.7054901123047";"-89.1421966552734";"398.969543457031";"20150818"
"29.6951694488525";"-89.1399002075195";"397.228576660156";"20150818"
"29.7752685546875";"-89.1605682373047";"396.998107910156";"20150818"
"29.7650928497314";"-89.1577606201172";"397.132629394531";"20150818"
"29.7548389434814";"-89.1550445556641";"397.321594238281";"20150818"
"29.7445430755615";"-89.1524276733398";"397.613647460938";"20150818"
"29.7343101501465";"-89.1499252319336";"397.892944335938";"20150818"
"29.7240180969238";"-89.1475143432617";"397.664947509766";"20150818"
"29.7136993408203";"-89.1452102661133";"398.376159667969";"20150818"
"29.7033462524414";"-89.1429977416992";"400.778137207031";"20150818"
"29.7733707427979";"-89.1603927612305";"397.439483642578";"20150818"
"29.7630748748779";"-89.1577606201172";"397.173919677734";"20150818"
"29.7528419494629";"-89.1552505493164";"397.468780517578";"20150818"
"29.7425518035889";"-89.15283203125";"397.714630126953";"20150818"
"29.732234954834";"-89.1505126953125";"397.621917724609";"20150818"
"29.7610874176025";"-89.1581420898438";"396.952484130859";"20150818"
"29.7507705688477";"-89.1558151245117";"397.517852783203";"20150818"
"29.7404174804688";"-89.1535873413086";"398.309844970703";"20150818"
